the file did not load :/
Generation: 1
Population is
0.0e+00 1.2e-01 -6.2e+00 4.9e-02 3.8e-02 8.1e-05 -6.0e-05 -1.3e-07 3.5e-08 4.2e-11 -6.7e-12 


-8.4e-01 -5.8e+00 -1.3e+00 7.0e+00 3.2e+00 1.1e+00 -8.1e+00 5.9e-01 -8.0e+00 6.7e+00 -9.9e+00 


9.8e+00 -2.5e+00 8.7e+00 -5.6e+00 3.4e+00 2.6e+00 1.9e+00 -7.8e+00 5.3e+00 -3.3e-01 -6.0e+00 


-1.0e-01 -6.2e+00 -9.4e+00 5.0e+00 2.7e-01 6.5e+00 8.2e+00 -5.6e+00 -8.6e+00 8.5e+00 -2.7e+00 


-7.3e+00 8.5e+00 3.3e+00 4.5e+00 8.3e+00 6.5e+00 6.8e+00 -9.8e+00 7.7e+00 -7.2e+00 1.7e+00 


7.8e+00 -9.9e+00 1.8e+00 -8.6e+00 5.0e+00 2.3e+00 7.4e+00 9.9e+00 -5.3e+00 -7.3e+00 -7.2e+00 


-2.3e+00 -8.3e+00 7.3e+00 -8.3e+00 7.3e+00 7.0e+00 -2.0e+00 8.0e-01 4.5e+00 -3.6e+00 2.5e+00 


9.1e+00 2.2e+00 -2.9e+00 -4.5e+00 -4.9e+00 6.3e+00 2.0e-01 -9.3e-01 -3.9e+00 -6.4e+00 -3.2e+00 


9.2e+00 -6.8e+00 6.5e+00 1.9e+00 4.0e+00 -8.8e+00 5.0e+00 -4.0e+00 -7.3e+00 2.4e+00 -3.5e+00 


3.4e+00 -9.8e+00 6.9e+00 2.5e+00 -6.0e+00 6.1e+00 -3.9e+00 2.6e+00 -1.3e+00 -6.4e+00 -8.1e-01 


0 => train : validation 79569 3625792
1 => train : validation 55636923279112253109799645947625472 77519167817233528198618371265134592
2 => train : validation 20495722268678733988342521776832512 28346725187993844225243115050500096
3 => train : validation 4040458953051903001415671877730304 5773112531814338145210934799368192
4 => train : validation 1626980400084014256352173720862720 2349810194950352955274919485112320
5 => train : validation 29584933707429183701383123545620480 40527995170776727279195364500963328
6 => train : validation 3628468401036024674779084997263360 5093967963794535583983166176624640
7 => train : validation 5870331062087810261520752987602944 7962251182205830561975655485931520
8 => train : validation 6904323480130256404407012265295872 9621611483014440467934669948583936
9 => train : validation 412504025903753559929044745584640 529857635843759292690430626365440
parents for crossing
0.0e+00 1.2e-01 -6.2e+00 4.9e-02 3.8e-02 8.1e-05 -6.0e-05 -1.3e-07 3.5e-08 4.2e-11 -6.7e-12 


3.4e+00 -9.8e+00 6.9e+00 2.5e+00 -6.0e+00 6.1e+00 -3.9e+00 2.6e+00 -1.3e+00 -6.4e+00 -8.1e-01 


-7.3e+00 8.5e+00 3.3e+00 4.5e+00 8.3e+00 6.5e+00 6.8e+00 -9.8e+00 7.7e+00 -7.2e+00 1.7e+00 


-2.3e+00 -8.3e+00 7.3e+00 -8.3e+00 7.3e+00 7.0e+00 -2.0e+00 8.0e-01 4.5e+00 -3.6e+00 2.5e+00 


-1.0e-01 -6.2e+00 -9.4e+00 5.0e+00 2.7e-01 6.5e+00 8.2e+00 -5.6e+00 -8.6e+00 8.5e+00 -2.7e+00 


individual(s) selected for elitism
0.0e+00 1.2e-01 -6.2e+00 4.9e-02 3.8e-02 8.1e-05 -6.0e-05 -1.3e-07 3.5e-08 4.2e-11 -6.7e-12 

parent0
-2.3e+00 -8.3e+00 7.3e+00 -8.3e+00 7.3e+00 7.0e+00 -2.0e+00 8.0e-01 4.5e+00 -3.6e+00 2.5e+00 


parent1
-1.0e-01 -6.2e+00 -9.4e+00 5.0e+00 2.7e-01 6.5e+00 8.2e+00 -5.6e+00 -8.6e+00 8.5e+00 -2.7e+00 


offspring0
-2.3e+00 -6.2e+00 7.3e+00 -8.3e+00 2.7e-01 6.5e+00 -2.0e+00 8.0e-01 -8.6e+00 -3.6e+00 -2.7e+00 


offspring1
-1.0e-01 -8.3e+00 -9.4e+00 5.0e+00 7.3e+00 7.0e+00 8.2e+00 -5.6e+00 4.5e+00 8.5e+00 2.5e+00 


parent0
0.0e+00 1.2e-01 -6.2e+00 4.9e-02 3.8e-02 8.1e-05 -6.0e-05 -1.3e-07 3.5e-08 4.2e-11 -6.7e-12 


parent1
-2.3e+00 -8.3e+00 7.3e+00 -8.3e+00 7.3e+00 7.0e+00 -2.0e+00 8.0e-01 4.5e+00 -3.6e+00 2.5e+00 


offspring0
0.0e+00 -8.3e+00 7.3e+00 -8.3e+00 7.3e+00 8.1e-05 -2.0e+00 8.0e-01 4.5e+00 -3.6e+00 2.5e+00 


offspring1
-2.3e+00 1.2e-01 -6.2e+00 4.9e-02 3.8e-02 7.0e+00 -6.0e-05 -1.3e-07 3.5e-08 4.2e-11 -6.7e-12 


parent0
3.4e+00 -9.8e+00 6.9e+00 2.5e+00 -6.0e+00 6.1e+00 -3.9e+00 2.6e+00 -1.3e+00 -6.4e+00 -8.1e-01 


parent1
-7.3e+00 8.5e+00 3.3e+00 4.5e+00 8.3e+00 6.5e+00 6.8e+00 -9.8e+00 7.7e+00 -7.2e+00 1.7e+00 


offspring0
3.4e+00 8.5e+00 3.3e+00 2.5e+00 -6.0e+00 6.5e+00 6.8e+00 -9.8e+00 7.7e+00 -7.2e+00 1.7e+00 


offspring1
-7.3e+00 -9.8e+00 6.9e+00 4.5e+00 8.3e+00 6.1e+00 -3.9e+00 2.6e+00 -1.3e+00 -6.4e+00 -8.1e-01 


parent0
-7.3e+00 8.5e+00 3.3e+00 4.5e+00 8.3e+00 6.5e+00 6.8e+00 -9.8e+00 7.7e+00 -7.2e+00 1.7e+00 


parent1
3.4e+00 -9.8e+00 6.9e+00 2.5e+00 -6.0e+00 6.1e+00 -3.9e+00 2.6e+00 -1.3e+00 -6.4e+00 -8.1e-01 


offspring0
3.4e+00 -9.8e+00 3.3e+00 2.5e+00 -6.0e+00 6.1e+00 -3.9e+00 -9.8e+00 -1.3e+00 -7.2e+00 -8.1e-01 


offspring1
-7.3e+00 8.5e+00 6.9e+00 4.5e+00 8.3e+00 6.5e+00 6.8e+00 2.6e+00 7.7e+00 -6.4e+00 1.7e+00 


nextGenPopulation after crossover is 


0.0e+00 1.2e-01 -6.2e+00 4.9e-02 3.8e-02 8.1e-05 -6.0e-05 -1.3e-07 3.5e-08 4.2e-11 -6.7e-12 


-2.3e+00 -6.2e+00 7.3e+00 -8.3e+00 2.7e-01 6.5e+00 -2.0e+00 8.0e-01 -8.6e+00 -3.6e+00 -2.7e+00 


-1.0e-01 -8.3e+00 -9.4e+00 5.0e+00 7.3e+00 7.0e+00 8.2e+00 -5.6e+00 4.5e+00 8.5e+00 2.5e+00 


0.0e+00 -8.3e+00 7.3e+00 -8.3e+00 7.3e+00 8.1e-05 -2.0e+00 8.0e-01 4.5e+00 -3.6e+00 2.5e+00 


-2.3e+00 1.2e-01 -6.2e+00 4.9e-02 3.8e-02 7.0e+00 -6.0e-05 -1.3e-07 3.5e-08 4.2e-11 -6.7e-12 


3.4e+00 8.5e+00 3.3e+00 2.5e+00 -6.0e+00 6.5e+00 6.8e+00 -9.8e+00 7.7e+00 -7.2e+00 1.7e+00 


-7.3e+00 -9.8e+00 6.9e+00 4.5e+00 8.3e+00 6.1e+00 -3.9e+00 2.6e+00 -1.3e+00 -6.4e+00 -8.1e-01 


3.4e+00 -9.8e+00 3.3e+00 2.5e+00 -6.0e+00 6.1e+00 -3.9e+00 -9.8e+00 -1.3e+00 -7.2e+00 -8.1e-01 


-7.3e+00 8.5e+00 6.9e+00 4.5e+00 8.3e+00 6.5e+00 6.8e+00 2.6e+00 7.7e+00 -6.4e+00 1.7e+00 


0.0e+00 1.2e-01 -6.2e+00 4.9e-02 3.8e-02 8.1e-05 -6.0e-05 -1.3e-07 3.5e-08 4.2e-11 -6.7e-12 


1 individual selected
0 gene selected
2 gene selected
3 gene selected
4 gene selected
5 gene selected
6 gene selected
7 gene selected
8 gene selected
9 gene selected
10 gene selected
2 individual selected
5 gene selected
6 gene selected
7 gene selected
8 gene selected
10 gene selected
4 individual selected
0 gene selected
1 gene selected
3 gene selected
4 gene selected
6 gene selected
7 gene selected
8 gene selected
10 gene selected
7 individual selected
0 gene selected
1 gene selected
2 gene selected
4 gene selected
7 gene selected
8 gene selected
9 gene selected
10 gene selected
9 individual selected
0 gene selected
2 gene selected
4 gene selected
5 gene selected
6 gene selected
7 gene selected
8 gene selected
10 gene selected
nextGenPopulation after mutation is 


0.0e+00 1.2e-01 4.1e-01 4.9e-02 -2.1e-03 -6.9e-06 -3.5e-06 7.5e-09 6.9e-08 4.2e-11 -1.4e-11 


-4.5e+00 -6.2e+00 1.4e+00 -8.3e-01 5.4e-01 1.3e+00 1.7e-01 -7.2e-04 -1.7e+00 -7.0e+00 -5.6e+00 


-1.0e-01 -8.3e+00 -9.4e+00 5.0e+00 7.3e+00 -3.1e-03 -3.2e-01 -1.1e+00 9.3e+00 8.5e+00 2.2e-01 


0.0e+00 -8.3e+00 7.3e+00 -8.3e+00 7.3e+00 8.1e-05 -2.0e+00 8.0e-01 4.5e+00 -3.6e+00 2.5e+00 


5.0e-02 2.4e-01 -6.2e+00 2.3e-03 2.3e-03 7.0e+00 -4.8e-06 -3.6e-10 -2.5e-09 4.2e-11 -2.2e-13 


3.4e+00 8.5e+00 3.3e+00 2.5e+00 -6.0e+00 6.5e+00 6.8e+00 -9.8e+00 7.7e+00 -7.2e+00 1.7e+00 


-7.3e+00 -9.8e+00 6.9e+00 4.5e+00 8.3e+00 6.1e+00 -3.9e+00 2.6e+00 -1.3e+00 -6.4e+00 -8.1e-01 


6.6e+00 -1.3e-01 6.8e+00 2.5e+00 -1.3e+00 6.1e+00 -3.9e+00 -2.0e+00 -1.1e-02 -2.6e-01 -1.6e+00 


-7.3e+00 8.5e+00 6.9e+00 4.5e+00 8.3e+00 6.5e+00 6.8e+00 2.6e+00 7.7e+00 -6.4e+00 1.7e+00 


0.0e+00 1.2e-01 4.1e-01 4.9e-02 -2.1e-03 -6.9e-06 -3.5e-06 7.5e-09 6.9e-08 4.2e-11 -1.4e-11 


Generation: 2
Population is
0.0e+00 1.2e-01 4.1e-01 4.9e-02 -2.1e-03 -6.9e-06 -3.5e-06 7.5e-09 6.9e-08 4.2e-11 -1.4e-11 


-4.5e+00 -6.2e+00 1.4e+00 -8.3e-01 5.4e-01 1.3e+00 1.7e-01 -7.2e-04 -1.7e+00 -7.0e+00 -5.6e+00 


-1.0e-01 -8.3e+00 -9.4e+00 5.0e+00 7.3e+00 -3.1e-03 -3.2e-01 -1.1e+00 9.3e+00 8.5e+00 2.2e-01 


0.0e+00 -8.3e+00 7.3e+00 -8.3e+00 7.3e+00 8.1e-05 -2.0e+00 8.0e-01 4.5e+00 -3.6e+00 2.5e+00 


5.0e-02 2.4e-01 -6.2e+00 2.3e-03 2.3e-03 7.0e+00 -4.8e-06 -3.6e-10 -2.5e-09 4.2e-11 -2.2e-13 


3.4e+00 8.5e+00 3.3e+00 2.5e+00 -6.0e+00 6.5e+00 6.8e+00 -9.8e+00 7.7e+00 -7.2e+00 1.7e+00 


-7.3e+00 -9.8e+00 6.9e+00 4.5e+00 8.3e+00 6.1e+00 -3.9e+00 2.6e+00 -1.3e+00 -6.4e+00 -8.1e-01 


6.6e+00 -1.3e-01 6.8e+00 2.5e+00 -1.3e+00 6.1e+00 -3.9e+00 -2.0e+00 -1.1e-02 -2.6e-01 -1.6e+00 


-7.3e+00 8.5e+00 6.9e+00 4.5e+00 8.3e+00 6.5e+00 6.8e+00 2.6e+00 7.7e+00 -6.4e+00 1.7e+00 


0.0e+00 1.2e-01 4.1e-01 4.9e-02 -2.1e-03 -6.9e-06 -3.5e-06 7.5e-09 6.9e-08 4.2e-11 -1.4e-11 


0 => train : validation 173767860875 235205707326
1 => train : validation 17802202319102277945794490521354240 24328394287114734447630503991312384
2 => train : validation 57888737736272722972551873036288 65152783846334861320311281811456
3 => train : validation 3628468384984637012361655235903488 5093967952936229772797017415745536
4 => train : validation 619412489678549760 848962559916536320
5 => train : validation 1626980397328589794647415942283264 2349810191169829378566442792779776
6 => train : validation 412504024548198462782576393191424 529857633985967665015999139151872
7 => train : validation 1445200058016262119520340444971008 1996684386908580069550378960551936
8 => train : validation 1632460437223584908005704009252864 2346026394818879576102633809641472
9 => train : validation 173767860875 235205707326
parents for crossing
0.0e+00 1.2e-01 4.1e-01 4.9e-02 -2.1e-03 -6.9e-06 -3.5e-06 7.5e-09 6.9e-08 4.2e-11 -1.4e-11 


0.0e+00 1.2e-01 4.1e-01 4.9e-02 -2.1e-03 -6.9e-06 -3.5e-06 7.5e-09 6.9e-08 4.2e-11 -1.4e-11 


5.0e-02 2.4e-01 -6.2e+00 2.3e-03 2.3e-03 7.0e+00 -4.8e-06 -3.6e-10 -2.5e-09 4.2e-11 -2.2e-13 


-1.0e-01 -8.3e+00 -9.4e+00 5.0e+00 7.3e+00 -3.1e-03 -3.2e-01 -1.1e+00 9.3e+00 8.5e+00 2.2e-01 


-7.3e+00 -9.8e+00 6.9e+00 4.5e+00 8.3e+00 6.1e+00 -3.9e+00 2.6e+00 -1.3e+00 -6.4e+00 -8.1e-01 


individual(s) selected for elitism
0.0e+00 1.2e-01 4.1e-01 4.9e-02 -2.1e-03 -6.9e-06 -3.5e-06 7.5e-09 6.9e-08 4.2e-11 -1.4e-11 

parent0
-7.3e+00 -9.8e+00 6.9e+00 4.5e+00 8.3e+00 6.1e+00 -3.9e+00 2.6e+00 -1.3e+00 -6.4e+00 -8.1e-01 


parent1
5.0e-02 2.4e-01 -6.2e+00 2.3e-03 2.3e-03 7.0e+00 -4.8e-06 -3.6e-10 -2.5e-09 4.2e-11 -2.2e-13 


offspring0
-7.3e+00 -9.8e+00 -6.2e+00 2.3e-03 8.3e+00 6.1e+00 -4.8e-06 2.6e+00 -1.3e+00 4.2e-11 -8.1e-01 


offspring1
5.0e-02 2.4e-01 6.9e+00 4.5e+00 2.3e-03 7.0e+00 -3.9e+00 -3.6e-10 -2.5e-09 -6.4e+00 -2.2e-13 


parent0
-7.3e+00 -9.8e+00 6.9e+00 4.5e+00 8.3e+00 6.1e+00 -3.9e+00 2.6e+00 -1.3e+00 -6.4e+00 -8.1e-01 


parent1
5.0e-02 2.4e-01 -6.2e+00 2.3e-03 2.3e-03 7.0e+00 -4.8e-06 -3.6e-10 -2.5e-09 4.2e-11 -2.2e-13 


offspring0
5.0e-02 -9.8e+00 -6.2e+00 4.5e+00 2.3e-03 7.0e+00 -3.9e+00 2.6e+00 -2.5e-09 -6.4e+00 -2.2e-13 


offspring1
-7.3e+00 2.4e-01 6.9e+00 2.3e-03 8.3e+00 6.1e+00 -4.8e-06 -3.6e-10 -1.3e+00 4.2e-11 -8.1e-01 


parent0
-1.0e-01 -8.3e+00 -9.4e+00 5.0e+00 7.3e+00 -3.1e-03 -3.2e-01 -1.1e+00 9.3e+00 8.5e+00 2.2e-01 


parent1
-7.3e+00 -9.8e+00 6.9e+00 4.5e+00 8.3e+00 6.1e+00 -3.9e+00 2.6e+00 -1.3e+00 -6.4e+00 -8.1e-01 


offspring0
-1.0e-01 -9.8e+00 -9.4e+00 4.5e+00 7.3e+00 -3.1e-03 -3.2e-01 2.6e+00 9.3e+00 -6.4e+00 -8.1e-01 


offspring1
-7.3e+00 -8.3e+00 6.9e+00 5.0e+00 8.3e+00 6.1e+00 -3.9e+00 -1.1e+00 -1.3e+00 8.5e+00 2.2e-01 


parent0
-7.3e+00 -9.8e+00 6.9e+00 4.5e+00 8.3e+00 6.1e+00 -3.9e+00 2.6e+00 -1.3e+00 -6.4e+00 -8.1e-01 


parent1
-1.0e-01 -8.3e+00 -9.4e+00 5.0e+00 7.3e+00 -3.1e-03 -3.2e-01 -1.1e+00 9.3e+00 8.5e+00 2.2e-01 


offspring0
-1.0e-01 -9.8e+00 6.9e+00 5.0e+00 7.3e+00 -3.1e-03 -3.2e-01 2.6e+00 -1.3e+00 8.5e+00 -8.1e-01 


offspring1
-7.3e+00 -8.3e+00 -9.4e+00 4.5e+00 8.3e+00 6.1e+00 -3.9e+00 -1.1e+00 9.3e+00 -6.4e+00 2.2e-01 


nextGenPopulation after crossover is 


0.0e+00 1.2e-01 4.1e-01 4.9e-02 -2.1e-03 -6.9e-06 -3.5e-06 7.5e-09 6.9e-08 4.2e-11 -1.4e-11 


-7.3e+00 -9.8e+00 -6.2e+00 2.3e-03 8.3e+00 6.1e+00 -4.8e-06 2.6e+00 -1.3e+00 4.2e-11 -8.1e-01 


5.0e-02 2.4e-01 6.9e+00 4.5e+00 2.3e-03 7.0e+00 -3.9e+00 -3.6e-10 -2.5e-09 -6.4e+00 -2.2e-13 


5.0e-02 -9.8e+00 -6.2e+00 4.5e+00 2.3e-03 7.0e+00 -3.9e+00 2.6e+00 -2.5e-09 -6.4e+00 -2.2e-13 


-7.3e+00 2.4e-01 6.9e+00 2.3e-03 8.3e+00 6.1e+00 -4.8e-06 -3.6e-10 -1.3e+00 4.2e-11 -8.1e-01 


-1.0e-01 -9.8e+00 -9.4e+00 4.5e+00 7.3e+00 -3.1e-03 -3.2e-01 2.6e+00 9.3e+00 -6.4e+00 -8.1e-01 


-7.3e+00 -8.3e+00 6.9e+00 5.0e+00 8.3e+00 6.1e+00 -3.9e+00 -1.1e+00 -1.3e+00 8.5e+00 2.2e-01 


-1.0e-01 -9.8e+00 6.9e+00 5.0e+00 7.3e+00 -3.1e-03 -3.2e-01 2.6e+00 -1.3e+00 8.5e+00 -8.1e-01 


-7.3e+00 -8.3e+00 -9.4e+00 4.5e+00 8.3e+00 6.1e+00 -3.9e+00 -1.1e+00 9.3e+00 -6.4e+00 2.2e-01 


0.0e+00 1.2e-01 4.1e-01 4.9e-02 -2.1e-03 -6.9e-06 -3.5e-06 7.5e-09 6.9e-08 4.2e-11 -1.4e-11 


1 individual selected
0 gene selected
1 gene selected
2 gene selected
4 gene selected
5 gene selected
6 gene selected
7 gene selected
8 gene selected
9 gene selected
10 gene selected
4 individual selected
0 gene selected
1 gene selected
2 gene selected
5 gene selected
6 gene selected
10 gene selected
5 individual selected
0 gene selected
1 gene selected
2 gene selected
4 gene selected
5 gene selected
8 gene selected
9 gene selected
6 individual selected
2 gene selected
3 gene selected
5 gene selected
6 gene selected
10 gene selected
7 individual selected
1 gene selected
2 gene selected
4 gene selected
5 gene selected
6 gene selected
8 gene selected
9 individual selected
0 gene selected
3 gene selected
4 gene selected
6 gene selected
7 gene selected
10 gene selected
nextGenPopulation after mutation is 


0.0e+00 1.2e-01 4.1e-01 1.6e-03 1.0e-04 -6.9e-06 -6.8e-06 1.5e-08 6.9e-08 4.2e-11 -2.6e-11 


-1.4e+00 -2.0e+00 -1.3e+00 2.3e-03 1.6e+00 3.8e-02 4.5e-07 -5.0e-02 -3.9e-02 8.5e-11 -6.3e-02 


5.0e-02 2.4e-01 6.9e+00 4.5e+00 2.3e-03 7.0e+00 -3.9e+00 -3.6e-10 -2.5e-09 -6.4e+00 -2.2e-13 


5.0e-02 -9.8e+00 -6.2e+00 4.5e+00 2.3e-03 7.0e+00 -3.9e+00 2.6e+00 -2.5e-09 -6.4e+00 -2.2e-13 


-1.5e+00 -6.7e-03 1.3e+00 2.3e-03 8.3e+00 1.2e+00 -3.9e-07 -3.6e-10 -1.3e+00 4.2e-11 -1.6e+00 


-2.0e-01 -2.0e+00 -1.9e+00 4.5e+00 1.4e+00 -6.1e-03 -3.2e-01 2.6e+00 1.9e+00 -1.3e+00 -8.1e-01 


-7.3e+00 -8.3e+00 -9.9e-02 -7.5e-03 8.3e+00 3.4e-01 -8.1e+00 -1.1e+00 -1.3e+00 8.5e+00 4.2e-01 


-1.0e-01 -1.9e+00 -2.6e-01 5.0e+00 1.4e+00 -2.8e-05 -1.3e-02 2.6e+00 7.7e-02 8.5e+00 -8.1e-01 


-7.3e+00 -8.3e+00 -9.4e+00 4.5e+00 8.3e+00 6.1e+00 -3.9e+00 -1.1e+00 9.3e+00 -6.4e+00 2.2e-01 


0.0e+00 1.2e-01 4.1e-01 1.6e-03 1.0e-04 -6.9e-06 -6.8e-06 1.5e-08 6.9e-08 4.2e-11 -2.6e-11 


Generation: 3
Population is
0.0e+00 1.2e-01 4.1e-01 1.6e-03 1.0e-04 -6.9e-06 -6.8e-06 1.5e-08 6.9e-08 4.2e-11 -2.6e-11 


-1.4e+00 -2.0e+00 -1.3e+00 2.3e-03 1.6e+00 3.8e-02 4.5e-07 -5.0e-02 -3.9e-02 8.5e-11 -6.3e-02 


5.0e-02 2.4e-01 6.9e+00 4.5e+00 2.3e-03 7.0e+00 -3.9e+00 -3.6e-10 -2.5e-09 -6.4e+00 -2.2e-13 


5.0e-02 -9.8e+00 -6.2e+00 4.5e+00 2.3e-03 7.0e+00 -3.9e+00 2.6e+00 -2.5e-09 -6.4e+00 -2.2e-13 


-1.5e+00 -6.7e-03 1.3e+00 2.3e-03 8.3e+00 1.2e+00 -3.9e-07 -3.6e-10 -1.3e+00 4.2e-11 -1.6e+00 


-2.0e-01 -2.0e+00 -1.9e+00 4.5e+00 1.4e+00 -6.1e-03 -3.2e-01 2.6e+00 1.9e+00 -1.3e+00 -8.1e-01 


-7.3e+00 -8.3e+00 -9.9e-02 -7.5e-03 8.3e+00 3.4e-01 -8.1e+00 -1.1e+00 -1.3e+00 8.5e+00 4.2e-01 


-1.0e-01 -1.9e+00 -2.6e-01 5.0e+00 1.4e+00 -2.8e-05 -1.3e-02 2.6e+00 7.7e-02 8.5e+00 -8.1e-01 


-7.3e+00 -8.3e+00 -9.4e+00 4.5e+00 8.3e+00 6.1e+00 -3.9e+00 -1.1e+00 9.3e+00 -6.4e+00 2.2e-01 


0.0e+00 1.2e-01 4.1e-01 1.6e-03 1.0e-04 -6.9e-06 -6.8e-06 1.5e-08 6.9e-08 4.2e-11 -2.6e-11 


0 => train : validation 12246599875 18868097809
1 => train : validation 2277255627356434478737314021376 3151307274543760066566948913152
2 => train : validation 10746743817538558643878873792512 14794291798310112979021358694400
3 => train : validation 10742710948065662245657227821056 14788755862764432768297991143424
4 => train : validation 1445189853999144905698299785248768 1999882764687752800175180484706304
5 => train : validation 376510107400111496717812885356544 512827288845792506524647504740352
6 => train : validation 137629852762268509203720505917440 162363400376225325272467056361472
7 => train : validation 349386787468706435938890075340800 537765502375448537784772435378176
8 => train : validation 30243005826116534497066285531136 52894610921789573721793025277952
9 => train : validation 12246599875 18868097809
parents for crossing
0.0e+00 1.2e-01 4.1e-01 1.6e-03 1.0e-04 -6.9e-06 -6.8e-06 1.5e-08 6.9e-08 4.2e-11 -2.6e-11 


0.0e+00 1.2e-01 4.1e-01 1.6e-03 1.0e-04 -6.9e-06 -6.8e-06 1.5e-08 6.9e-08 4.2e-11 -2.6e-11 


-1.4e+00 -2.0e+00 -1.3e+00 2.3e-03 1.6e+00 3.8e-02 4.5e-07 -5.0e-02 -3.9e-02 8.5e-11 -6.3e-02 


5.0e-02 -9.8e+00 -6.2e+00 4.5e+00 2.3e-03 7.0e+00 -3.9e+00 2.6e+00 -2.5e-09 -6.4e+00 -2.2e-13 


5.0e-02 2.4e-01 6.9e+00 4.5e+00 2.3e-03 7.0e+00 -3.9e+00 -3.6e-10 -2.5e-09 -6.4e+00 -2.2e-13 


individual(s) selected for elitism
0.0e+00 1.2e-01 4.1e-01 1.6e-03 1.0e-04 -6.9e-06 -6.8e-06 1.5e-08 6.9e-08 4.2e-11 -2.6e-11 

parent0
5.0e-02 2.4e-01 6.9e+00 4.5e+00 2.3e-03 7.0e+00 -3.9e+00 -3.6e-10 -2.5e-09 -6.4e+00 -2.2e-13 


parent1
0.0e+00 1.2e-01 4.1e-01 1.6e-03 1.0e-04 -6.9e-06 -6.8e-06 1.5e-08 6.9e-08 4.2e-11 -2.6e-11 


offspring0
5.0e-02 1.2e-01 4.1e-01 1.6e-03 1.0e-04 7.0e+00 -3.9e+00 1.5e-08 -2.5e-09 -6.4e+00 -2.2e-13 


offspring1
0.0e+00 2.4e-01 6.9e+00 4.5e+00 2.3e-03 -6.9e-06 -6.8e-06 -3.6e-10 6.9e-08 4.2e-11 -2.6e-11 


parent0
0.0e+00 1.2e-01 4.1e-01 1.6e-03 1.0e-04 -6.9e-06 -6.8e-06 1.5e-08 6.9e-08 4.2e-11 -2.6e-11 


parent1
5.0e-02 -9.8e+00 -6.2e+00 4.5e+00 2.3e-03 7.0e+00 -3.9e+00 2.6e+00 -2.5e-09 -6.4e+00 -2.2e-13 


offspring0
5.0e-02 1.2e-01 4.1e-01 4.5e+00 2.3e-03 -6.9e-06 -6.8e-06 2.6e+00 6.9e-08 -6.4e+00 -2.2e-13 


offspring1
0.0e+00 -9.8e+00 -6.2e+00 1.6e-03 1.0e-04 7.0e+00 -3.9e+00 1.5e-08 -2.5e-09 4.2e-11 -2.6e-11 


parent0
0.0e+00 1.2e-01 4.1e-01 1.6e-03 1.0e-04 -6.9e-06 -6.8e-06 1.5e-08 6.9e-08 4.2e-11 -2.6e-11 


parent1
5.0e-02 2.4e-01 6.9e+00 4.5e+00 2.3e-03 7.0e+00 -3.9e+00 -3.6e-10 -2.5e-09 -6.4e+00 -2.2e-13 


offspring0
5.0e-02 2.4e-01 6.9e+00 1.6e-03 2.3e-03 -6.9e-06 -6.8e-06 1.5e-08 -2.5e-09 4.2e-11 -2.6e-11 


offspring1
0.0e+00 1.2e-01 4.1e-01 4.5e+00 1.0e-04 7.0e+00 -3.9e+00 -3.6e-10 6.9e-08 -6.4e+00 -2.2e-13 


parent0
5.0e-02 -9.8e+00 -6.2e+00 4.5e+00 2.3e-03 7.0e+00 -3.9e+00 2.6e+00 -2.5e-09 -6.4e+00 -2.2e-13 


parent1
5.0e-02 2.4e-01 6.9e+00 4.5e+00 2.3e-03 7.0e+00 -3.9e+00 -3.6e-10 -2.5e-09 -6.4e+00 -2.2e-13 


offspring0
5.0e-02 2.4e-01 -6.2e+00 4.5e+00 2.3e-03 7.0e+00 -3.9e+00 -3.6e-10 -2.5e-09 -6.4e+00 -2.2e-13 


offspring1
5.0e-02 -9.8e+00 6.9e+00 4.5e+00 2.3e-03 7.0e+00 -3.9e+00 2.6e+00 -2.5e-09 -6.4e+00 -2.2e-13 


nextGenPopulation after crossover is 


0.0e+00 1.2e-01 4.1e-01 1.6e-03 1.0e-04 -6.9e-06 -6.8e-06 1.5e-08 6.9e-08 4.2e-11 -2.6e-11 


5.0e-02 1.2e-01 4.1e-01 1.6e-03 1.0e-04 7.0e+00 -3.9e+00 1.5e-08 -2.5e-09 -6.4e+00 -2.2e-13 


0.0e+00 2.4e-01 6.9e+00 4.5e+00 2.3e-03 -6.9e-06 -6.8e-06 -3.6e-10 6.9e-08 4.2e-11 -2.6e-11 


5.0e-02 1.2e-01 4.1e-01 4.5e+00 2.3e-03 -6.9e-06 -6.8e-06 2.6e+00 6.9e-08 -6.4e+00 -2.2e-13 


0.0e+00 -9.8e+00 -6.2e+00 1.6e-03 1.0e-04 7.0e+00 -3.9e+00 1.5e-08 -2.5e-09 4.2e-11 -2.6e-11 


5.0e-02 2.4e-01 6.9e+00 1.6e-03 2.3e-03 -6.9e-06 -6.8e-06 1.5e-08 -2.5e-09 4.2e-11 -2.6e-11 


0.0e+00 1.2e-01 4.1e-01 4.5e+00 1.0e-04 7.0e+00 -3.9e+00 -3.6e-10 6.9e-08 -6.4e+00 -2.2e-13 


5.0e-02 2.4e-01 -6.2e+00 4.5e+00 2.3e-03 7.0e+00 -3.9e+00 -3.6e-10 -2.5e-09 -6.4e+00 -2.2e-13 


5.0e-02 -9.8e+00 6.9e+00 4.5e+00 2.3e-03 7.0e+00 -3.9e+00 2.6e+00 -2.5e-09 -6.4e+00 -2.2e-13 


0.0e+00 1.2e-01 4.1e-01 1.6e-03 1.0e-04 -6.9e-06 -6.8e-06 1.5e-08 6.9e-08 4.2e-11 -2.6e-11 


1 individual selected
1 gene selected
2 gene selected
3 gene selected
4 gene selected
5 gene selected
9 gene selected
10 gene selected
4 individual selected
1 gene selected
2 gene selected
3 gene selected
5 gene selected
6 gene selected
9 gene selected
6 individual selected
0 gene selected
1 gene selected
3 gene selected
4 gene selected
5 gene selected
7 gene selected
8 gene selected
10 gene selected
8 individual selected
0 gene selected
1 gene selected
2 gene selected
4 gene selected
6 gene selected
9 gene selected
10 gene selected
9 individual selected
1 gene selected
4 gene selected
7 gene selected
nextGenPopulation after mutation is 


0.0e+00 2.4e-01 4.1e-01 1.6e-03 2.0e-04 -6.9e-06 -6.8e-06 3.0e-08 6.9e-08 4.2e-11 -2.6e-11 


5.0e-02 5.6e-03 8.1e-01 -4.3e-05 7.4e-06 1.4e+00 -3.9e+00 1.5e-08 -2.5e-09 -1.3e+00 9.0e-16 


0.0e+00 2.4e-01 6.9e+00 4.5e+00 2.3e-03 -6.9e-06 -6.8e-06 -3.6e-10 6.9e-08 4.2e-11 -2.6e-11 


5.0e-02 1.2e-01 4.1e-01 4.5e+00 2.3e-03 -6.9e-06 -6.8e-06 2.6e+00 6.9e-08 -6.4e+00 -2.2e-13 


0.0e+00 -7.8e-01 -1.3e+00 1.3e-04 1.0e-04 1.4e+00 2.8e-01 1.5e-08 -2.5e-09 8.6e-11 -2.6e-11 


5.0e-02 2.4e-01 6.9e+00 1.6e-03 2.3e-03 -6.9e-06 -6.8e-06 1.5e-08 -2.5e-09 4.2e-11 -2.6e-11 


0.0e+00 -1.0e-02 4.1e-01 9.1e+00 1.6e-06 -8.8e-02 -3.9e+00 -7.3e-10 4.3e-09 -6.4e+00 -9.7e-15 


5.0e-02 2.4e-01 -6.2e+00 4.5e+00 2.3e-03 7.0e+00 -3.9e+00 -3.6e-10 -2.5e-09 -6.4e+00 -2.2e-13 


-9.3e-04 6.0e-01 -9.8e-03 4.5e+00 4.8e-03 7.0e+00 3.3e-01 2.6e+00 -2.5e-09 -1.3e+00 -4.6e-13 


0.0e+00 2.4e-01 4.1e-01 1.6e-03 2.0e-04 -6.9e-06 -6.8e-06 3.0e-08 6.9e-08 4.2e-11 -2.6e-11 


All is well that ends well :)
